<?xml version="1.0" encoding="UTF-8" standalone="no"?>
<svg xmlns="http://www.w3.org/2000/svg"
     xmlns:svg="http://www.w3.org/2000/svg"
     version="1.1"
     width="3in" height="3in"
     viewBox="0 0 900 900">
  <path id="Neimenovano #1"
        fill="none" stroke="black" stroke-width="1"
        d="M 161.27,560.69
           C 161.27,560.69 204.91,642.36 285.20,658.52
             375.93,686.16 450.64,639.75 450.64,639.75
             450.64,639.75 525.57,687.20 618.38,655.92
             697.63,637.15 738.88,560.41 738.88,560.41
             738.88,560.41 680.68,526.38 680.68,526.38
             680.68,526.38 656.44,574.58 598.04,591.78
             546.94,607.43 510.53,591.06 510.53,591.06
             510.53,591.06 533.10,562.69 544.86,529.74
             562.06,494.28 560.27,451.63 560.27,451.63
             560.27,451.63 562.59,412.42 546.94,379.58
             536.52,343.08 509.61,312.62 509.61,312.62
             509.61,312.62 555.81,297.20 601.17,313.88
             651.74,328.48 681.53,378.53 681.53,378.56
             681.53,378.63 738.81,343.62 738.81,343.62
             738.81,343.62 696.58,265.91 610.03,245.06
             526.09,220.55 450.50,264.71 450.50,264.71
             450.50,264.71 377.49,221.07 293.02,244.01
             205.95,263.83 161.35,343.83 161.35,343.83
             161.35,343.83 219.54,378.70 219.54,378.70
             219.54,378.70 248.18,330.04 299.80,313.88
             342.92,297.31 390.54,312.97 390.54,312.97
             390.54,312.97 364.98,343.08 352.46,379.58
             338.39,414.51 339.60,452.26 339.60,452.26
             339.60,452.26 338.83,488.38 350.90,521.40
             364.14,557.63 390.33,591.06 390.33,591.06
             390.33,591.06 344.12,608.47 299.80,590.22
             251.31,577.19 219.54,526.45 219.54,526.45
             219.54,526.45 161.27,560.69 161.27,560.69 Z
           M 482.29,504.19
           C 472.38,533.39 450.39,554.57 450.39,554.57
             450.39,554.57 432.76,539.12 417.64,506.80
             407.43,482.48 407.34,452.01 407.34,452.01
             407.34,452.01 408.97,421.31 419.72,395.74
             430.54,370.03 450.47,349.45 450.47,349.45
             450.47,349.45 470.53,371.70 480.21,395.22
             491.46,422.56 492.59,451.75 492.59,451.75
             492.59,451.75 493.76,480.73 482.29,504.19 Z" />
</svg>
